%YAML:1.0
---
ft object:
   V: !!opencv-matrix
      rows: 60
      cols: 16
      dt: f
      data: [ -2.53352404e-01, 6.08665124e-02, 1.82574183e-01,
          -2.05465711e-09, -1.29513502e-01, -1.60277426e-01,
          2.26545315e-02, 1.09519720e-01, 5.92827275e-02,
          -6.56698123e-02, 2.45094597e-01, -4.22014445e-02,
          4.99137193e-02, -3.57314572e-02, 1.23177722e-01,
          -2.04915836e-01, -6.08665124e-02, -2.53352404e-01,
          2.05450013e-09, 1.82574183e-01, 1.64083958e-01,
          -1.37102485e-01, -3.66421416e-02, 3.65528464e-03,
          4.51521911e-02, 6.56275377e-02, -4.00793552e-03,
          -1.40921213e-02, 6.61858171e-02, -8.06156769e-02,
          -6.26709759e-02, 1.05938472e-01, -1.86933026e-01,
          9.69946012e-02, 1.82574183e-01, -1.65222325e-09,
          -1.14495605e-01, -8.39979649e-02, 1.59374028e-02,
          4.33946848e-02, 6.07241541e-02, -4.49172705e-02,
          -6.67587519e-02, 1.79249421e-02, 1.28016323e-02,
          5.47739714e-02, -8.10251385e-02, -3.63988876e-02,
          -9.69946012e-02, -1.86933026e-01, 1.65197300e-09,
          1.82574183e-01, 8.92107338e-02, -1.08437724e-01,
          7.02127814e-02, 1.11864448e-01, -5.25127128e-02,
          1.31653666e-01, 2.50947326e-01, -3.12703885e-02,
          4.10894975e-02, -5.41812740e-02, -5.44420034e-02,
          2.53070354e-01, -1.16590187e-01, 5.95703088e-02,
          1.82574183e-01, -1.02807229e-09, -8.13439637e-02,
          -9.40126106e-02, -5.92676401e-02, 1.90882683e-02,
          3.44258472e-02, 2.98410617e-02, -3.37868214e-01,
          2.46231668e-02, -3.80560793e-02, -1.61692407e-02,
          -4.10655439e-02, 2.39150271e-01, -5.95703088e-02,
          -1.16590187e-01, 1.02791864e-09, 1.82574183e-01,
          1.09921046e-01, -5.60434759e-02, -4.35037911e-03,
          1.14248544e-02, -3.36145759e-02, -4.20527905e-02,
          -8.89412463e-02, 9.08025727e-03, -3.17780674e-02,
          -2.64929831e-02, -1.47332042e-01, -2.74348944e-01,
          -1.86803743e-01, 3.80111150e-02, 1.82574183e-01,
          -1.49699486e-09, -1.00553185e-01, -1.22901872e-01,
          -7.84563366e-03, 5.93016595e-02, 6.26889467e-02,
          7.42577016e-03, -3.47026289e-02, 4.68745381e-02,
          2.82585584e-02, -1.48319267e-03, 2.99839098e-02,
          1.00239739e-01, -3.80111150e-02, -1.86803743e-01,
          1.49689694e-09, 1.82574183e-01, 1.13034457e-01,
          -9.09812972e-02, -3.85858715e-02, -3.79368886e-02,
          1.02929175e-02, 4.63977158e-02, -2.19718337e-01,
          2.32143253e-02, 4.94763255e-04, -1.72196031e-02,
          -7.53404796e-02, -1.60943866e-01, -1.85876265e-01,
          6.93809241e-02, 1.82574183e-01, -1.57209812e-09,
          -1.00120738e-01, -1.07014298e-01, -2.70097014e-02,
          5.41627854e-02, 3.64102423e-02, -1.87776685e-02,
          -8.16015005e-02, 3.64543527e-01, -3.21435183e-03,
          2.04174742e-01, -2.29580730e-01, -3.78098786e-02,
          -6.93809241e-02, -1.85876265e-01, 1.57191926e-09,
          1.82574183e-01, 1.15330383e-01, -1.11128174e-01,
          2.28682775e-02, 2.20687166e-02, -8.70680716e-03,
          4.01428193e-02, 1.02810487e-02, -5.11434674e-02,
          1.98777020e-02, -3.08647603e-02, -5.88665754e-02,
          2.50795782e-02, 2.53352404e-01, 6.08665086e-02, 1.82574183e-01,
          1.73628545e-09, 1.29513472e-01, -1.60277396e-01,
          -2.26545278e-02, -1.09519653e-01, -5.92827126e-02,
          6.56688511e-02, -2.45094746e-01, -4.22013402e-02,
          -4.99136448e-02, -3.57306637e-02, 1.23179212e-01,
          2.04916805e-01, -6.08665086e-02, 2.53352404e-01,
          -1.73644243e-09, 1.82574183e-01, 1.64084211e-01,
          1.37102813e-01, -3.66421081e-02, 3.65525275e-03,
          4.51521724e-02, 6.56270981e-02, -4.00811527e-03,
          1.40924454e-02, 6.61851764e-02, 8.06171298e-02, 6.26698285e-02,
          1.05938047e-01, 1.86933026e-01, 9.69946012e-02, 1.82574183e-01,
          1.14487808e-09, 1.14495575e-01, -8.39980096e-02,
          -1.59374587e-02, -4.33946215e-02, -6.07242063e-02,
          4.49167565e-02, 6.67586550e-02, 1.79248899e-02,
          -1.28015578e-02, 5.47743589e-02, -8.10248256e-02,
          3.63990366e-02, -9.69946012e-02, 1.86933026e-01,
          -1.14512821e-09, 1.82574183e-01, 8.92107710e-02,
          1.08437702e-01, 7.02127218e-02, 1.11864574e-01,
          -5.25125861e-02, 1.31653011e-01, 2.50947446e-01,
          3.12702507e-02, 4.10894454e-02, 5.41827083e-02, 5.44438064e-02,
          2.53070086e-01, 1.16590187e-01, 5.95703088e-02, 1.82574183e-01,
          7.16480708e-10, 8.13439116e-02, -9.40126553e-02,
          5.92675842e-02, -1.90884136e-02, -3.44257429e-02,
          -2.98406538e-02, 3.37868840e-01, 2.46228874e-02,
          3.80559415e-02, -1.61697268e-02, -4.10659313e-02,
          -2.39150703e-01, -5.95703088e-02, 1.16590187e-01,
          -7.16634307e-10, 1.82574183e-01, 1.09921083e-01,
          5.60434684e-02, -4.35035722e-03, 1.14248767e-02,
          -3.36146876e-02, -4.20538709e-02, -8.89412463e-02,
          -9.08033270e-03, -3.17782126e-02, 2.64920890e-02,
          1.47330999e-01, -2.74349719e-01, 1.86803743e-01,
          3.80111113e-02, 1.82574183e-01, 1.29817201e-09, 1.00553118e-01,
          -1.22901887e-01, 7.84557313e-03, -5.93017004e-02,
          -6.26889467e-02, -7.42497109e-03, 3.47026810e-02,
          4.68744300e-02, -2.82586534e-02, -1.48351490e-03,
          2.99836993e-02, -1.00239761e-01, -3.80111113e-02,
          1.86803743e-01, -1.29827005e-09, 1.82574183e-01,
          1.13034502e-01, 9.09812972e-02, -3.85858417e-02,
          -3.79368477e-02, 1.02929175e-02, 4.63971570e-02,
          -2.19718337e-01, -2.32142340e-02, 4.94742300e-04,
          1.72194354e-02, 7.53399432e-02, -1.60943940e-01,
          1.85876265e-01, 6.93809241e-02, 1.82574183e-01, 1.20919064e-09,
          1.00120693e-01, -1.07014313e-01, 2.70096716e-02,
          -5.41628525e-02, -3.64103019e-02, 1.87760126e-02,
          8.16018358e-02, 3.64543527e-01, 3.21362866e-03, 2.04175025e-01,
          -2.29580462e-01, 3.78098004e-02, -6.93809241e-02,
          1.85876265e-01, -1.20936960e-09, 1.82574183e-01,
          1.15330435e-01, 1.11128151e-01, 2.28682943e-02, 2.20687538e-02,
          -8.70677456e-03, 4.01423015e-02, 1.02810450e-02,
          5.11438623e-02, 1.98779032e-02, 3.08651179e-02, 5.88670485e-02,
          2.50794496e-02, -4.52846959e-02, 6.57629371e-02,
          1.82574183e-01, -5.10791687e-10, -2.25312226e-02,
          1.05359852e-01, -5.80540895e-02, -5.20142121e-03,
          -5.76812290e-02, 2.21626069e-02, -1.84176210e-03,
          -2.67101705e-01, -1.12594888e-01, -1.04763336e-01,
          -1.94007412e-01, 5.71524203e-02, -6.57629371e-02,
          -4.52846959e-02, 5.10622100e-10, 1.82574183e-01,
          -2.03832947e-02, -6.47469424e-04, 2.72703499e-01,
          -2.87256420e-01, 3.35584134e-02, -3.80019218e-01,
          5.53908013e-02, 7.72727132e-02, -3.57459635e-01,
          2.90854741e-02, -9.62252263e-03, 1.31288394e-01,
          -5.94506860e-02, -4.67073582e-02, 1.82574183e-01,
          -3.22628924e-10, -1.67815536e-02, 1.83977365e-01,
          -3.70214768e-02, -5.74517660e-02, -1.96591932e-02,
          1.22567788e-01, 1.75558515e-02, -3.00126970e-01,
          -2.52130121e-01, -5.25942072e-02, -1.66083559e-01,
          -9.42956060e-02, 4.67073582e-02, -5.94506860e-02,
          3.22749355e-10, 1.82574183e-01, -2.12562025e-01,
          1.61976442e-02, 4.54309098e-02, -1.21130548e-01,
          -3.43587220e-01, -2.38645628e-01, -4.83583771e-02,
          2.66953945e-01, 4.14333552e-01, 6.34045601e-02, 5.70259765e-02,
          4.95681800e-02, -1.22703068e-01, -1.21174701e-01,
          1.82574183e-01, -6.01099004e-10, -1.00608148e-01,
          6.32506832e-02, -6.30905703e-02, -4.21740592e-01,
          -5.37120812e-02, 2.28897050e-01, 4.07692119e-02,
          -1.25614358e-02, 6.88748360e-02, -1.91570774e-01,
          2.82637060e-01, -1.11148842e-01, 1.21174701e-01,
