%YAML:1.0
---
ft object:
   fname: "../simplefacetracker/cascades/haarcascade_frontalface_default.xml"
   x offset: -2.0201711449772120e-03
   y offset: -3.6866851150989532e-02
   z offset: 9.7363287210464478e-01
   reference: !!opencv-matrix
      rows: 60
      cols: 1
      dt: f
      data: [ -2.53352404e-01, -6.08665124e-02, -1.86933026e-01,
          -9.69946012e-02, -1.16590187e-01, -5.95703088e-02,
          -1.86803743e-01, -3.80111150e-02, -1.85876265e-01,
          -6.93809241e-02, 2.53352404e-01, -6.08665086e-02,
          1.86933026e-01, -9.69946012e-02, 1.16590187e-01,
          -5.95703088e-02, 1.86803743e-01, -3.80111113e-02,
          1.85876265e-01, -6.93809241e-02, -4.52846959e-02,
          -6.57629371e-02, -5.94506860e-02, 4.67073582e-02,
          -1.22703068e-01, 1.21174701e-01, -9.55486074e-02,
          1.74210176e-01, -4.42139020e-10, 1.92132071e-01,
          9.55486074e-02, 1.74210176e-01, 1.22703068e-01, 1.21174701e-01,
          5.94506860e-02, 4.67073582e-02, 4.52846959e-02,
          -6.57629371e-02, -6.36313856e-02, 1.54341936e-01,
          6.36313856e-02, 1.54341936e-01, -1.48415030e-10,
          1.15261540e-01, -2.20149323e-01, -7.99615979e-02,
          -1.51744872e-01, -7.93362856e-02, -1.51645407e-01,
          -4.97946851e-02, -2.20064566e-01, -5.04520386e-02,
          2.20149323e-01, -7.99615979e-02, 1.51744872e-01,
          -7.93362781e-02, 1.51645422e-01, -4.97946814e-02,
          2.20064566e-01, -5.04520386e-02 ]
