%YAML:1.0
---
ft object:
   fname: "../simplefacetracker/cascades/haarcascade_frontalface_default.xml"
   x offset: -2.2031120024621487e-03
   y offset: 4.1071418672800064e-02
   z offset: 1.8090256452560425e+00
   reference: !!opencv-matrix
      rows: 80
      cols: 1
      dt: f
      data: [ -2.14635924e-01, -7.65820146e-02, -2.09648222e-01,
          5.91034107e-02, -1.66421071e-01, 1.91354975e-01,
          -6.58823773e-02, 2.69612670e-01, 6.58823773e-02,
          2.69612670e-01, 1.66421071e-01, 1.91354975e-01, 2.09648222e-01,
          5.91034107e-02, 2.14635924e-01, -7.65820146e-02,
          1.71132997e-01, -1.19142026e-01, 1.32749215e-01,
          -1.51567280e-01, 4.36250567e-02, -1.25378609e-01,
          -1.71132997e-01, -1.19142026e-01, -1.32749215e-01,
          -1.51567280e-01, -4.36250567e-02, -1.25378609e-01,
          -1.36262029e-01, -7.59484619e-02, -1.00582622e-01,
          -9.53456908e-02, -6.26039654e-02, -7.52653703e-02,
          -1.00445658e-01, -6.36710599e-02, -9.99195278e-02,
          -8.05507824e-02, 1.36262029e-01, -7.59484619e-02,
          1.00582622e-01, -9.53456908e-02, 6.26039654e-02,
          -7.52653703e-02, 1.00445658e-01, -6.36710599e-02,
          9.99195278e-02, -8.05507824e-02, -2.42025033e-02,
          -7.92000592e-02, -3.18259858e-02, -1.82850137e-02,
          -6.60059601e-02, 2.25421693e-02, -5.09005301e-02,
          4.99242917e-02, -7.33175187e-11, 5.96981905e-02,
          5.09005301e-02, 4.99242917e-02, 6.60059601e-02, 2.25421693e-02,
          3.18259858e-02, -1.82850137e-02, 2.42025033e-02,
          -7.92000592e-02, -3.41720469e-02, 3.92788686e-02,
          3.41720469e-02, 3.92788686e-02, -8.41114074e-02,
          1.26164392e-01, 8.41114074e-02, 1.26164392e-01, 3.43087278e-02,
          1.63852781e-01, -3.43087278e-02, 1.63852781e-01,
          -6.38141900e-11, 1.85073763e-02 ]
