%YAML:1.0
---
ft object:
   reference: !!opencv-matrix
      rows: 60
      cols: 1
      dt: f
      data: [ -50., -1.20122232e+01, -3.68918991e+01, -1.91422291e+01,
          -2.30094891e+01, -1.17564125e+01, -3.68663826e+01,
          -7.50162888e+00, -3.66833420e+01, -1.36925726e+01, 50.,
          -1.20122223e+01, 3.68918991e+01, -1.91422291e+01,
          2.30094891e+01, -1.17564125e+01, 3.68663826e+01,
          -7.50162840e+00, 3.66833420e+01, -1.36925726e+01,
          -8.93709564e+00, -1.29785500e+01, -1.17328043e+01,
          9.21786308e+00, -2.42158871e+01, 2.39142590e+01,
          -1.88568573e+01, 3.43810005e+01, -8.72577104e-08,
          3.79179497e+01, 1.88568573e+01, 3.43810005e+01, 2.42158871e+01,
          2.39142590e+01, 1.17328043e+01, 9.21786308e+00, 8.93709564e+00,
          -1.29785500e+01, -1.25578804e+01, 3.04599304e+01,
          1.25578804e+01, 3.04599304e+01, -2.92902342e-08,
          2.27472763e+01, -4.34472542e+01, -1.57807064e+01,
          -2.99473915e+01, -1.56572981e+01, -2.99277611e+01,
          -9.82715797e+00, -4.34305267e+01, -9.95688915e+00,
          4.34472542e+01, -1.57807064e+01, 2.99473915e+01,
          -1.56572971e+01, 2.99277649e+01, -9.82715797e+00,
          4.34305267e+01, -9.95688915e+00 ]
   n_patches: 30
   patch 0:
      P: !!opencv-matrix
         rows: 11
         cols: 11
         dt: f
         data: [ 1.67329609e-02, 1.56966411e-02, 1.40349111e-02,
             1.23784151e-02, 1.08108418e-02, 8.95755738e-03,
             6.68561319e-03, 4.11504181e-03, 1.64343347e-03,
             -7.61712727e-04, -3.73280514e-03, 1.47363944e-02,
             1.31085534e-02, 1.06174732e-02, 7.44202966e-03,
             3.52489785e-03, -9.02306987e-04, -5.01419604e-03,
             -7.97929708e-03, -9.36852582e-03, -1.01244021e-02,
             -1.19363666e-02, 1.25211533e-02, 9.88011528e-03,
             5.67706861e-03, -1.62702810e-04, -7.25667691e-03,
             -1.39830764e-02, -1.82065889e-02, -1.89579669e-02,
             -1.67799797e-02, -1.43699897e-02, -1.47719271e-02,
             9.97398701e-03, 5.87312551e-03, -6.35842211e-04,
             -9.27234627e-03, -1.85239296e-02, -2.54224576e-02,
             -2.72137951e-02, -2.37378366e-02, -1.72277279e-02,
             -1.20379413e-02, -1.20330965e-02, 7.28101190e-03,
             1.80931436e-03, -6.44060876e-03, -1.61334649e-02,
             -2.45294273e-02, -2.86429077e-02, -2.67972331e-02,
             -2.00580508e-02, -1.15797669e-02, -5.95952291e-03,
             -6.85995538e-03, 5.50685311e-03, -2.53783015e-04,
             -8.29714164e-03, -1.64388008e-02, -2.17165146e-02,
             -2.23813467e-02, -1.84246395e-02, -1.14667332e-02,
             -4.19573486e-03, -1.14232025e-04, -2.07934529e-03,
             5.59965055e-03, 1.15620752e-03, -4.49023023e-03,
             -9.47924983e-03, -1.19222179e-02, -1.12614948e-02,
             -8.02605972e-03, -3.34918243e-03, 1.20004860e-03,
             3.50853615e-03, 1.57118076e-03, 7.24346191e-03,
             4.79346933e-03, 2.01303512e-03, -2.20187008e-04,
             -1.31251651e-03, -1.19389431e-03, 2.29027519e-05,
             2.05392740e-03, 4.28099418e-03, 5.60212927e-03,
             4.72424040e-03, 9.41759907e-03, 8.53078999e-03,
             7.63445767e-03, 6.87950850e-03, 6.17274130e-03,
             5.53858979e-03, 5.31527679e-03, 5.73879760e-03,
             6.67166710e-03, 7.57859321e-03, 7.76960235e-03,
             1.15809878e-02, 1.16796615e-02, 1.17882350e-02,
             1.17236087e-02, 1.12197967e-02, 1.03894733e-02,
             9.73830651e-03, 9.62485000e-03, 1.00598093e-02,
             1.08054876e-02, 1.15621723e-02, 1.39914388e-02,
             1.46558816e-02, 1.53049212e-02, 1.56458579e-02,
             1.54297426e-02, 1.48542142e-02, 1.43478410e-02,
             1.41828442e-02, 1.44465426e-02, 1.50744356e-02,
             1.59076303e-02 ]
   patch 1:
      P: !!opencv-matrix
         rows: 11
         cols: 11
         dt: f
         data: [ 1.68930646e-02, 1.64662246e-02, 1.60413943e-02,
             1.55600496e-02, 1.50445644e-02, 1.45508479e-02,
             1.40423169e-02, 1.34597896e-02, 1.28260963e-02,
             1.22166481e-02, 1.16041452e-02, 1.37833981e-02,
             1.32505978e-02, 1.26928119e-02, 1.20906588e-02,
             1.14956656e-02, 1.09582534e-02, 1.04794279e-02,
             1.00537566e-02, 9.68298502e-03, 9.35182534e-03,
             8.93335603e-03, 1.13481991e-02, 1.11294417e-02,
             1.08616306e-02, 1.04976268e-02, 1.00811692e-02,
             9.70422570e-03, 9.37285833e-03, 9.14388988e-03,
             9.03560780e-03, 8.96219537e-03, 8.72882828e-03,
             9.75456927e-03, 9.84608382e-03, 9.88126267e-03,
             9.79178958e-03, 9.57217254e-03, 9.32481233e-03,
             9.12053045e-03, 9.07008257e-03, 9.27022472e-03,
             9.62861907e-03, 9.88616887e-03, 6.48867944e-03,
             6.08834065e-03, 5.75233204e-03, 5.53235877e-03,
             5.28222555e-03, 4.93674912e-03, 4.68959985e-03,
             4.82657226e-03, 5.55664767e-03, 6.77933963e-03,
             8.15044623e-03, -1.74118998e-03, -2.94312625e-03,
             -3.66228772e-03, -3.91414249e-03, -4.24275920e-03,
             -4.98451805e-03, -5.59477834e-03, -5.37649216e-03,
             -3.99839040e-03, -1.68807537e-03, 1.09208550e-03,
             -1.29782204e-02, -1.36789549e-02, -1.32737840e-02,
             -1.25470068e-02, -1.28213419e-02, -1.44999828e-02,
             -1.61722042e-02, -1.62636526e-02, -1.42761245e-02,
             -1.09503474e-02, -7.18836347e-03, -1.99678112e-02,
             -1.87888611e-02, -1.58431306e-02, -1.30996816e-02,
             -1.31304553e-02, -1.64791420e-02, -2.02067364e-02,
             -2.10713688e-02, -1.82679668e-02, -1.36901122e-02,
             -9.30900034e-03, -1.86058674e-02, -1.59307364e-02,
             -1.08172977e-02, -6.14422839e-03, -5.88242849e-03,
             -1.11605981e-02, -1.74228828e-02, -1.92527547e-02,
             -1.54531375e-02, -9.23501048e-03, -3.83138261e-03,
             -1.12539642e-02, -8.82072933e-03, -3.56236449e-03,
             1.40271615e-03, 1.53260748e-03, -4.95009776e-03,
             -1.28109846e-02, -1.51219042e-02, -1.04707340e-02,
             -2.83448840e-03, 4.00130590e-03, -1.62704848e-03,
             -9.24604072e-04, 2.54488783e-03, 6.15004683e-03,
             5.84529527e-03, -5.52431506e-04, -8.47799238e-03,
             -1.07695172e-02, -5.88598847e-03, 2.25713104e-03,
             1.00503927e-02 ]
   patch 2:
      P: !!opencv-matrix
         rows: 11
         cols: 11
         dt: f
         data: [ -1.72963254e-02, -1.02652693e-02, -4.49745590e-03,
             7.71670835e-04, 4.71003028e-03, 6.67289458e-03,
             7.08882650e-03, 6.79847039e-03, 6.27973909e-03,
             5.58129745e-03, 4.62883618e-03, -2.10846476e-02,
             -1.70427263e-02, -1.45101584e-02, -1.05584282e-02,
             -4.98664472e-03, 4.54405439e-04, 4.05841833e-03,
             5.60237654e-03, 5.85831981e-03, 5.47041418e-03,
             4.75697918e-03, -1.36966836e-02, -1.42922243e-02,
             -1.86397582e-02, -2.11503003e-02, -1.85437277e-02,
             -1.17684007e-02, -4.16670181e-03, 1.69930363e-03,
             5.16894506e-03, 6.56618830e-03, 6.48463611e-03,
             -1.78767566e-03, -4.55526682e-03, -1.46031212e-02,
             -2.49235053e-02, -2.90472284e-02, -2.52517443e-02,
             -1.62856951e-02, -6.38387259e-03, 1.51942833e-03,
             6.28760364e-03, 8.12888052e-03, 5.26461797e-03,
             3.61581030e-03, -6.92975568e-03, -2.04523224e-02,
             -2.99857203e-02, -3.13929319e-02, -2.50279736e-02,
             -1.47234276e-02, -4.44512581e-03, 3.37034534e-03,
             7.97462929e-03, 6.13375800e-03, 6.05134945e-03,
             -1.62185112e-03, -1.28857894e-02, -2.26463377e-02,
             -2.66867466e-02, -2.38516219e-02, -1.65277496e-02,
             -7.72106927e-03, 4.44003788e-04, 6.72555435e-03,
