%YAML:1.0
---
ft object:
   V: !!opencv-matrix
      rows: 80
      cols: 18
      dt: f
      data: [ -2.14635924e-01, 7.65820146e-02, 1.58113882e-01,
          -1.76828774e-09, -3.68308425e-01, -1.11369509e-02,
          -2.08052054e-01, 8.29103813e-02, 9.01271924e-02,
          1.03861898e-01, -6.08798191e-02, 2.09023476e-01,
          1.65646419e-01, 2.66386326e-02, -2.08676904e-02,
          2.27769732e-01, -1.43694341e-01, 1.52005151e-01,
          -7.65820146e-02, -2.14635924e-01, 1.76828774e-09,
          1.58113882e-01, -3.35660130e-02, -1.76400006e-01,
          3.05964947e-02, 1.38890266e-01, 9.13465321e-02, 5.00542074e-02,
          -4.52226847e-02, 4.88047153e-02, -5.38271889e-02,
          -1.64460421e-01, -2.00457592e-02, -3.48874331e-02,
          -2.90378407e-02, 1.94648728e-02, -2.09648222e-01,
          -5.91034107e-02, 1.58113882e-01, -1.73009973e-09,
          -3.63744944e-01, 1.32552624e-01, -1.69722781e-01,
          1.39445215e-01, 1.22039184e-01, -5.58727533e-02,
          -6.40810430e-02, 2.47004479e-01, 5.09728789e-02,
          3.27185839e-02, 5.48525155e-02, 3.79795581e-02,
          -1.72850266e-02, -1.99216604e-02, 5.91034107e-02,
          -2.09648222e-01, 1.73009973e-09, 1.58113882e-01,
          5.63487364e-03, 1.53415203e-02, -7.32185245e-02,
          5.12773395e-02, 2.69172788e-02, 1.34750456e-02, 2.24263310e-01,
          3.44084203e-02, 4.67595458e-03, -3.17459196e-01,
          2.12942332e-01, 1.43080264e-01, 4.83903438e-02,
          -4.17213321e-01, -1.66421071e-01, -1.91354975e-01,
          1.58113882e-01, -1.37650413e-09, -2.73132831e-01,
          3.30969989e-01, -1.08300731e-01, 2.25856185e-01,
          -3.81922871e-02, -1.74445599e-01, 1.81222349e-01,
          9.45940539e-02, -6.56564832e-02, 8.44414085e-02,
          1.31276384e-01, -2.27223292e-01, 2.23618060e-01,
          -1.12998188e-02, 1.91354975e-01, -1.66421071e-01,
          1.37650413e-09, 1.58113882e-01, 6.84622079e-02,
          -1.15204312e-01, -1.93123654e-01, -8.86415243e-02,
          1.05272770e-01, -6.15572929e-02, 4.14500564e-01,
          8.99229199e-02, -5.73365279e-02, -1.44405469e-01,
          9.30342451e-02, -4.86261845e-02, 1.23718455e-01,
          -1.54866204e-01, -6.58823773e-02, -2.69612670e-01,
          1.58113882e-01, -5.49130463e-10, 2.15680767e-02,
          7.90753961e-02, -3.73201706e-02, 4.72294390e-02,
          -4.49612737e-02, -8.39519501e-03, 1.43515915e-01,
          -4.87956405e-02, 7.15872273e-02, 2.29697540e-01,
          4.92741056e-02, -2.79916115e-02, 8.34166110e-02,
          -5.16545475e-02, 2.69612670e-01, -6.58823773e-02,
          5.49130463e-10, 1.58113882e-01, 3.85447964e-02,
          -1.21303149e-01, -2.79902190e-01, -9.96178836e-02,
          -1.07091472e-01, 1.02497458e-01, 9.35105532e-02,
          2.59228736e-01, 1.41048521e-01, -5.50407656e-02,
          5.83750010e-03, -2.38415331e-01, 6.14416078e-02,
          2.27313027e-01, 6.58823773e-02, -2.69612670e-01,
          1.58113882e-01, 5.37438760e-10, 2.15680934e-02,
          -7.90753886e-02, 3.73201557e-02, -4.72294092e-02,
          4.49614450e-02, 8.39522481e-03, 1.43515676e-01, 4.87959683e-02,
          -7.15878904e-02, 2.29697660e-01, -4.92738746e-02,
          2.79912651e-02, -8.34163129e-02, 5.16541153e-02,
          2.69612670e-01, 6.58823773e-02, -5.37438760e-10,
          1.58113882e-01, -3.85447405e-02, -1.21303134e-01,
          -2.79902250e-01, -9.96178910e-02, -1.07091382e-01,
          1.02497436e-01, -9.35110152e-02, 2.59228766e-01,
          1.41048729e-01, 5.50408140e-02, 5.83752897e-03,
          -2.38415241e-01, 6.14414066e-02, 2.27313161e-01,
          1.66421071e-01, -1.91354975e-01, 1.58113882e-01,
          1.36820588e-09, -2.73132801e-01, -3.30969959e-01,
          1.08300805e-01, -2.25856349e-01, 3.81922275e-02,
          1.74445599e-01, 1.81222618e-01, -9.45935845e-02,
          6.56551272e-02, 8.44413191e-02, -1.31276727e-01,
          2.27223635e-01, -2.23618567e-01, 1.13005862e-02,
          1.91354975e-01, 1.66421071e-01, -1.36820588e-09,
          1.58113882e-01, -6.84621632e-02, -1.15204342e-01,
          -1.93123609e-01, -8.86415318e-02, 1.05272822e-01,
          -6.15575090e-02, -4.14500654e-01, 8.99223387e-02,
          -5.73366880e-02, 1.44405112e-01, 9.30341482e-02,
          -4.86261845e-02, 1.23718277e-01, -1.54866323e-01,
          2.09648222e-01, -5.91034107e-02, 1.58113882e-01,
          1.72753678e-09, -3.63744944e-01, -1.32552713e-01,
          1.69722825e-01, -1.39445394e-01, -1.22039177e-01,
          5.58729693e-02, -6.40804544e-02, -2.47004494e-01,
          -5.09724244e-02, 3.27188969e-02, -5.48524708e-02,
          -3.79789472e-02, 1.72851086e-02, 1.99217200e-02,
          5.91034107e-02, 2.09648222e-01, -1.72753678e-09,
          1.58113882e-01, -5.63486945e-03, 1.53414859e-02,
          -7.32185692e-02, 5.12773134e-02, 2.69172639e-02,
          1.34750931e-02, -2.24263355e-01, 3.44082192e-02,
          4.67533991e-03, 3.17459166e-01, 2.12942541e-01, 1.43080622e-01,
          4.83899415e-02, -4.17213500e-01, 2.14635924e-01,
          7.65820146e-02, 1.58113882e-01, 1.77160864e-09,
          -3.68308365e-01, 1.11370403e-02, 2.08052009e-01,
          -8.29104111e-02, -9.01271626e-02, -1.03862181e-01,
          -6.08795099e-02, -2.09023684e-01, -1.65644288e-01,
          2.66385078e-02, 2.08681859e-02, -2.27771074e-01,
          1.43695086e-01, -1.52006090e-01, -7.65820146e-02,
          2.14635924e-01, -1.77160864e-09, 1.58113882e-01,
          3.35660167e-02, -1.76399931e-01, 3.05967554e-02,
          1.38890162e-01, 9.13465992e-02, 5.00542112e-02, 4.52225581e-02,
          4.88048121e-02, -5.38294837e-02, 1.64460391e-01,
          -2.00457871e-02, -3.48871201e-02, -2.90379822e-02,
          1.94649398e-02, 1.71132997e-01, 1.19142026e-01, 1.58113882e-01,
          1.41379408e-09, -6.30273223e-02, 2.77977623e-02,
          1.57258436e-01, 1.44164070e-01, 5.24914265e-02,
          -1.91372588e-01, 3.98600809e-02, 1.22036655e-02,
          2.94215471e-01, -6.02203310e-02, -7.26079941e-02,
          -1.70083091e-01, -9.91002619e-02, -1.21681914e-01,
          -1.19142026e-01, 1.71132997e-01, -1.41379408e-09,
          1.58113882e-01, -5.92467980e-03, -1.61297828e-01,
          3.80576663e-02, -5.24877198e-02, -1.16366118e-01,
          -2.93648452e-01, 2.32903957e-01, 1.09962218e-01,
          1.47492960e-01, 1.81913033e-01, -2.02448145e-01,
          2.16328412e-01, 1.11924827e-01, -5.70427440e-03,
          1.32749215e-01, 1.51567280e-01, 1.58113882e-01, 1.09797382e-09,
          -3.94359929e-03, -4.30185162e-03, 1.23658828e-01,
          1.81253418e-01, 8.96972045e-02, -1.61137164e-01,
          4.83261831e-02, 4.14762348e-02, 2.49777362e-01,
          -9.46318731e-02, -1.90469593e-01, -3.08924988e-02,
          3.15952897e-02, -4.96269763e-02, -1.51567280e-01,
          1.32749215e-01, -1.09797382e-09, 1.58113882e-01,
          -2.16484815e-03, -8.48704129e-02, 7.24359378e-02,
          -1.57083943e-01, -9.69631225e-02, -2.26943046e-01,
          1.73803955e-01, 9.87306237e-02, -7.30753466e-02,
          1.32513136e-01, -3.30257602e-03, 1.11008614e-01,
          2.37401128e-02, 4.72335815e-02, 4.36250567e-02, 1.25378609e-01,
          1.58113882e-01, 3.62463004e-10, 7.84003735e-02, 4.04444756e-04,
          6.00821897e-02, 1.19705714e-01, 1.02252908e-01, 3.20873111e-02,
          1.74885038e-02, 1.98461935e-02, -2.56230794e-02,
          -1.23151302e-01, -9.94232967e-02, 1.13907240e-01,
          1.00971483e-01, 5.48221022e-02, -1.25378609e-01,
          4.36250567e-02, -3.62463004e-10, 1.58113882e-01,
          1.29449163e-02, 5.27218590e-03, 1.34722456e-01,
          -1.84134990e-01, -1.83296993e-01, -2.29565978e-01,
          1.12531684e-01, 7.84862041e-03, -1.36966631e-02,
          6.58073872e-02, 2.63694793e-01, -1.68511793e-01,
          -1.92110494e-01, 5.61763793e-02, -1.71132997e-01,
          1.19142026e-01, 1.58113882e-01, -1.40862755e-09,
