%YAML:1.0
---
ft object:
   fname: "../simplefacetracker/cascades/haarcascade_frontalface_default.xml"
   x offset: -2.2118666674941778e-03
   y offset: 7.4297569692134857e-02
   z offset: 2.5346093177795410e+00
   reference: !!opencv-matrix
      rows: 152
      cols: 1
      dt: f
      data: [ -1.53261796e-01, -6.80790171e-02, -1.54557228e-01,
          -1.77984834e-02, -1.49709135e-01, 2.87783276e-02,
          -1.39172941e-01, 7.77557418e-02, -1.18860453e-01,
          1.23219721e-01, -8.73889998e-02, 1.55390680e-01,
          -4.70520556e-02, 1.79120973e-01, 3.65220698e-09,
          1.87802076e-01, 4.70520705e-02, 1.79120973e-01, 8.73890072e-02,
          1.55390665e-01, 1.18860468e-01, 1.23219728e-01, 1.39172927e-01,
          7.77557343e-02, 1.49709135e-01, 2.87783183e-02, 1.54557213e-01,
          -1.77984890e-02, 1.53261781e-01, -6.80790246e-02,
          1.22195683e-01, -9.84370336e-02, 9.47884172e-02,
          -1.21585384e-01, 6.17325567e-02, -1.21364452e-01,
          3.11465170e-02, -1.02880538e-01, 6.33721426e-02,
          -1.03438430e-01, 9.31768790e-02, -1.04190379e-01,
          -1.22195676e-01, -9.84370187e-02, -9.47884247e-02,
          -1.21585391e-01, -6.17325716e-02, -1.21364459e-01,
          -3.11465170e-02, -1.02880530e-01, -6.33721352e-02,
          -1.03438430e-01, -9.31768939e-02, -1.04190372e-01,
          -9.72963199e-02, -6.75987601e-02, -7.18203783e-02,
          -8.14480484e-02, -4.47027199e-02, -6.71108216e-02,
          -7.17220306e-02, -5.88340648e-02, -7.13459477e-02,
          -7.08842948e-02, 9.72962976e-02, -6.75987750e-02,
          7.18203634e-02, -8.14480558e-02, 4.47027162e-02,
          -6.71108291e-02, 7.17220232e-02, -5.88340648e-02,
          7.13459551e-02, -7.08843023e-02, -1.72821172e-02,
          -6.99244365e-02, -2.27276143e-02, -2.64338776e-02,
          -4.71401475e-02, 2.71984655e-03, -3.63488868e-02,
          2.22657118e-02, 5.23237009e-10, 2.92503405e-02, 3.63488831e-02,
          2.22657099e-02, 4.71401475e-02, 2.71984446e-03, 2.27276087e-02,
          -2.64338776e-02, 1.72821190e-02, -6.99244365e-02,
          -2.44021956e-02, 1.46687590e-02, 2.44021881e-02,
          1.46687580e-02, -6.00660145e-02, 7.66886696e-02,
          -3.69803198e-02, 6.02175705e-02, -1.38121704e-02,
          5.44551946e-02, 1.06671783e-09, 5.68552762e-02, 1.38121704e-02,
          5.44551909e-02, 3.69803235e-02, 6.02175668e-02, 6.00660257e-02,
          7.66886622e-02, 4.53881472e-02, 9.44272056e-02, 2.44972780e-02,
          1.03595473e-01, 2.02852690e-09, 1.06034309e-01,
          -2.44972743e-02, 1.03595473e-01, -4.53881510e-02,
          9.44272280e-02, -2.76669543e-02, 8.33053663e-02,
          1.65249514e-09, 8.70517418e-02, 2.76669655e-02, 8.33053589e-02,
          2.75818836e-02, 7.12940469e-02, 1.35845790e-09, 7.14994445e-02,
          -2.75818855e-02, 7.12940544e-02, 1.49614432e-09,
          7.89345428e-02, -7.70986400e-11, -1.56753027e-04,
          -8.45599771e-02, -7.49126971e-02, -5.82574904e-02,
          -7.46724755e-02, -5.81905432e-02, -6.33478910e-02,
          -8.45048651e-02, -6.35972768e-02, 8.45599622e-02,
          -7.49127045e-02, 5.82574867e-02, -7.46724829e-02,
          5.81905320e-02, -6.33478984e-02, 8.45048577e-02,
          -6.35972768e-02 ]
