%YAML:1.0
---
ft object:
   V: !!opencv-matrix
      rows: 152
      cols: 17
      dt: f
      data: [ -1.53261796e-01, 6.80790171e-02, 1.14707865e-01,
          1.08134630e-08, -2.71864831e-01, -9.50519927e-03,
          1.73112199e-01, 5.77583350e-02, 7.53318593e-02,
          -5.89253716e-02, 5.70692830e-02, 1.11997649e-01,
          -3.30894850e-02, 9.17216465e-02, -6.88300421e-03,
          8.07214454e-02, -3.04969132e-01, -6.80790171e-02,
          -1.53261796e-01, -1.10483072e-08, 1.14707865e-01,
          -3.13281268e-02, 1.33568764e-01, -1.95032358e-03,
          1.01719335e-01, 8.16031694e-02, -2.26108655e-02,
          3.15853208e-03, 4.68516350e-03, 1.45963624e-01,
          -9.11121815e-03, 4.61968742e-02, 2.96276584e-02,
          1.23368055e-02, -1.54557228e-01, 1.77984834e-02,
          1.14707865e-01, 1.09483267e-08, -2.67380148e-01,
          -5.54415584e-02, 1.34057686e-01, 7.05133006e-02,
          8.00787210e-02, -1.24996454e-02, 7.45707825e-02,
          1.77971333e-01, -2.21703444e-02, 4.57085222e-02,
          -2.56951805e-03, 9.86115783e-02, -1.17119990e-01,
          -1.77984834e-02, -1.54557228e-01, -1.10113012e-08,
          1.14707865e-01, -1.55385174e-02, 7.74412453e-02,
          1.33849978e-02, 7.05472603e-02, 8.85185599e-02,
          -3.26124430e-02, -6.50010705e-02, 7.75650889e-02,
          1.55976713e-01, -6.50095046e-02, 1.44392848e-01,
          1.20452605e-01, 6.12147152e-02, -1.49709135e-01,
          -2.87783276e-02, 1.14707865e-01, 1.06442331e-08,
          -2.72696108e-01, -1.11005060e-01, 1.20963775e-01,
          8.94659758e-02, 8.65901709e-02, 2.69841254e-02, 7.05531910e-02,
          1.91752702e-01, -3.00049968e-02, 4.65482250e-02,
          5.02794608e-02, 6.02015778e-02, -9.94300544e-02,
          2.87783276e-02, -1.49709135e-01, -1.05479145e-08,
          1.14707865e-01, -3.43188178e-03, -1.63328042e-03,
          3.18609327e-02, 3.68794799e-02, 4.33902144e-02,
          -2.26686150e-02, -1.84863791e-01, 3.62235382e-02,
          1.63429737e-01, -2.06928700e-03, 1.36036471e-01,
          1.12393863e-01, 2.52411664e-02, -1.39172941e-01,
          -7.77557418e-02, 1.14707857e-01, 9.93870497e-09,
          -2.79531658e-01, -2.16626301e-01, 6.40850067e-02,
          1.34049594e-01, 4.10820246e-02, 9.47605669e-02,
          -3.09041142e-03, 1.36189044e-01, -1.69487745e-02,
          1.87485404e-02, 8.50559473e-02, -5.37559539e-02,
          4.23144251e-02, 7.77557418e-02, -1.39172941e-01,
          -9.67480940e-09, 1.14707857e-01, -2.34726015e-02,
          -8.26805532e-02, 5.36785834e-02, 1.38989538e-02,
          2.67446637e-02, 7.04893470e-02, -3.62037241e-01,
          -3.20531428e-02, 9.19312537e-02, -2.83808410e-02,
          5.94169796e-02, 3.48851234e-02, 7.27526471e-02,
          -1.18860453e-01, -1.23219721e-01, 1.14707857e-01,
          8.53669047e-09, -2.10466847e-01, -2.49142602e-01,
          3.96114700e-02, 1.36407286e-01, -1.20826634e-02,
          9.29852426e-02, -9.58311483e-02, 8.98014903e-02,
          -8.48376304e-02, 3.44665647e-02, 7.97148272e-02,
          -1.80572957e-01, 1.80569202e-01, 1.23219721e-01,
          -1.18860453e-01, -8.11709366e-09, 1.14707857e-01,
          4.40951400e-02, 9.19009745e-02, 1.30064040e-01,
          -5.66984825e-02, 7.49132931e-02, 5.03742397e-02,
          -2.95934498e-01, 1.09181568e-01, 3.80172580e-02,
          -4.64376807e-02, 3.91449369e-02, 1.60331149e-02,
          1.49385303e-01, -8.73889998e-02, -1.55390680e-01,
          1.14707850e-01, 6.33175379e-09, -1.05131105e-01,
          -1.80399358e-01, 2.13080961e-02, 9.26281437e-02,
          -2.17663981e-02, 5.77501953e-02, -1.41814440e-01,
          3.34979594e-02, -1.41108930e-01, 7.66457915e-02,
          4.16462645e-02, -1.60145730e-01, 2.07399547e-01,
          1.55390680e-01, -8.73889998e-02, -5.80174531e-09,
          1.14707850e-01, 4.83693779e-02, 1.45146742e-01, 1.84328318e-01,
          -7.65879229e-02, 4.35226113e-02, -3.10011767e-03,
          -1.70067757e-01, 1.74428582e-01, 5.94820976e-02,
          2.90584434e-02, -1.13168247e-02, -7.33918846e-02,
          7.41209537e-02, -4.70520556e-02, -1.79120973e-01,
          1.14707850e-01, 3.49072793e-09, 4.79529426e-03,
          -6.16899766e-02, 1.85155272e-02, 2.54802648e-02,
          -1.26601784e-02, 7.84319732e-03, -7.51997903e-02,
          -3.17870900e-02, -1.35037541e-01, 7.22601116e-02,
          3.86215001e-03, -5.88201806e-02, 2.94618160e-02,
          1.79120973e-01, -4.70520556e-02, -2.87904034e-09,
          1.14707850e-01, 2.60272287e-02, 9.97876078e-02, 1.99996620e-01,
          -5.13785481e-02, -6.33205771e-02, -5.78798279e-02,
          -7.52080679e-02, 1.93017855e-01, 3.62149477e-02,
          1.21920586e-01, -5.76752424e-02, -2.29275107e-01,
          -7.47052580e-03, 3.65220698e-09, -1.87802076e-01,
          1.14707850e-01, 1.60502875e-10, 5.31358570e-02,
          -1.74622983e-09, 6.51925802e-09, 6.98481772e-10,
          -2.95704741e-08, -3.71437636e-08, 8.06367677e-03,
          1.78115442e-08, -1.10828757e-01, -1.78813934e-07,
          1.56462193e-07, 1.19209290e-07, 1.49011612e-07, 1.87802076e-01,
          3.56385343e-09, 4.81509888e-10, 1.14707850e-01, 3.72529030e-09,
          7.78452083e-02, 2.01688826e-01, -3.39553617e-02,
          -9.58034471e-02, -8.09041038e-02, -5.57440671e-08,
          1.95266992e-01, 1.08499080e-07, 1.21878132e-01,
          -7.00696409e-02, -2.81518996e-01, -2.45529935e-02,
          4.70520705e-02, -1.79120973e-01, 1.14707850e-01,
          -3.18456106e-09, 4.79531568e-03, 6.16900101e-02,
          -1.85154714e-02, -2.54803058e-02, 1.26602622e-02,
          -7.84281921e-03, -7.51997530e-02, 3.17872651e-02,
          -1.35037392e-01, -7.22604766e-02, -3.86220217e-03,
          5.88201955e-02, -2.94611901e-02, 1.79120973e-01,
          4.70520705e-02, 3.79754539e-09, 1.14707850e-01,
          -2.60272194e-02, 9.97876227e-02, 1.99996591e-01,
          -5.13785444e-02, -6.33205771e-02, -5.78803904e-02,
          7.52079785e-02, 1.93018079e-01, -3.62152681e-02,
          1.21920533e-01, -5.76742291e-02, -2.29275137e-01,
          -7.47088715e-03, 8.73890072e-02, -1.55390665e-01,
          1.14707850e-01, -6.06614803e-09, -1.05131045e-01,
          1.80399433e-01, -2.13080961e-02, -9.26282331e-02,
          2.17662212e-02, -5.77491783e-02, -1.41814187e-01,
          -3.34975384e-02, -1.41109198e-01, -7.66454339e-02,
          -4.16465998e-02, 1.60145208e-01, -2.07397804e-01,
          1.55390665e-01, 8.73890072e-02, 6.59856436e-09, 1.14707850e-01,
          -4.83692996e-02, 1.45146668e-01, 1.84328303e-01,
          -7.65880123e-02, 4.35224473e-02, -3.10127204e-03,
          1.70067832e-01, 1.74428880e-01, -5.94820082e-02,
          2.90585626e-02, -1.13167455e-02, -7.33925775e-02,
          7.41210878e-02, 1.18860468e-01, -1.23219728e-01,
          1.14707857e-01, -8.32607494e-09, -2.10466698e-01,
          2.49142691e-01, -3.96114327e-02, -1.36407375e-01,
          1.20827081e-02, -9.29844826e-02, -9.58317295e-02,
          -8.98020864e-02, -8.48384947e-02, -3.44664082e-02,
          -7.97138810e-02, 1.80572793e-01, -1.80569232e-01,
          1.23219728e-01, 1.18860468e-01, 8.74894734e-09, 1.14707857e-01,
          -4.40950952e-02, 9.19009224e-02, 1.30063951e-01,
          -5.66985011e-02, 7.49132857e-02, 5.03725670e-02,
          2.95935124e-01, 1.09181516e-01, -3.80167924e-02,
          -4.64378856e-02, 3.91448736e-02, 1.60329044e-02,
          1.49385363e-01, 1.39172927e-01, -7.77557343e-02,
          1.14707857e-01, -9.80579706e-09, -2.79531538e-01,
          2.16626272e-01, -6.40851557e-02, -1.34049371e-01,
          -4.10820544e-02, -9.47609842e-02, -3.09130736e-03,
          -1.36187613e-01, -1.69477798e-02, -1.87477693e-02,
          -8.50570053e-02, 5.37557192e-02, -4.23175506e-02,
          7.77557343e-02, 1.39172927e-01, 1.00735269e-08, 1.14707857e-01,
          2.34725811e-02, -8.26805755e-02, 5.36785461e-02,
