%YAML:1.0
---
ft object:
   fname: "/usr/share/opencv4/haarcascades/haarcascade_frontalface_default.xml"
   x offset: 2.1312883473001420e-04
   y offset: 7.5307905673980713e-02
   z offset: 2.5895800590515137e+00
   reference: !!opencv-matrix
      rows: 152
      cols: 1
      dt: f
      data: [ -1.65296778e-01, -6.72742203e-02, -1.64977953e-01,
          -1.60028711e-02, -1.59681275e-01, 3.06803845e-02,
          -1.48966581e-01, 7.77750611e-02, -1.24983430e-01,
          1.26513809e-01, -8.93538743e-02, 1.57958210e-01,
          -4.43429239e-02, 1.80292830e-01, 3.69061413e-03,
          1.87625676e-01, 4.96583767e-02, 1.77637741e-01, 8.52332711e-02,
          1.52668297e-01, 1.12488613e-01, 1.19925775e-01, 1.29193380e-01,
          7.78981522e-02, 1.39485985e-01, 2.71101482e-02, 1.43883273e-01,
          -1.92882791e-02, 1.40999287e-01, -6.84656724e-02,
          1.19044296e-01, -9.99366939e-02, 9.28181261e-02,
          -1.23049840e-01, 6.12762049e-02, -1.22011296e-01,
          3.19975093e-02, -1.02777034e-01, 6.29856661e-02,
          -1.03805259e-01, 9.15270895e-02, -1.04962379e-01,
          -1.25131384e-01, -9.67216045e-02, -9.65818390e-02,
          -1.19907796e-01, -6.20788448e-02, -1.20543629e-01,
          -3.02505139e-02, -1.02868438e-01, -6.36558086e-02,
          -1.02921247e-01, -9.46719497e-02, -1.03234909e-01,
          -9.85844582e-02, -6.66726902e-02, -7.25810230e-02,
          -8.08793157e-02, -4.51487862e-02, -6.66076764e-02,
          -7.21861497e-02, -5.78657687e-02, -7.14181811e-02,
          -7.04673603e-02, 9.58473906e-02, -6.83982149e-02,
          7.09439963e-02, -8.18853304e-02, 4.41815667e-02,
          -6.75117895e-02, 7.11317658e-02, -5.97100072e-02,
          7.11636692e-02, -7.12023899e-02, -1.64285488e-02,
          -6.91920668e-02, -2.04179659e-02, -2.46094055e-02,
          -4.48611714e-02, 2.64197402e-03, -3.28395888e-02,
          2.25352850e-02, 5.62007772e-03, 2.91545745e-02, 3.98004502e-02,
          2.18730383e-02, 4.93510365e-02, 2.72505172e-03, 2.49567945e-02,
          -2.82830745e-02, 1.80943720e-02, -7.05797821e-02,
          -1.92170646e-02, 1.49217052e-02, 2.95450520e-02,
          1.42574990e-02, -5.81411682e-02, 7.79131725e-02,
          -3.26500274e-02, 6.06753714e-02, -8.79941694e-03,
          5.48122004e-02, 5.81642147e-03, 5.67408092e-02, 1.87938809e-02,
          5.38917668e-02, 4.12441716e-02, 5.95650151e-02, 6.18709736e-02,
          7.53122866e-02, 4.81018759e-02, 9.31589678e-02, 2.86645535e-02,
          1.02873378e-01, 5.57452952e-03, 1.05887733e-01,
          -2.02799812e-02, 1.04065202e-01, -4.25798558e-02,
          9.54933241e-02, -2.31898259e-02, 8.37075785e-02,
          5.22859860e-03, 8.69223177e-02, 3.20929065e-02, 8.26704502e-02,
          3.20017003e-02, 7.07343966e-02, 5.30685252e-03, 7.13810995e-02,
          -2.31129956e-02, 7.16407597e-02, 5.30223874e-03,
          7.88103193e-02, 6.92879455e-03, -2.49635108e-04,
          -8.59697908e-02, -7.41589069e-02, -5.92449419e-02,
          -7.41239414e-02, -5.90228364e-02, -6.25857040e-02,
          -8.57535303e-02, -6.26327097e-02, 8.30119103e-02,
          -7.55267143e-02, 5.71743324e-02, -7.50936046e-02,
          5.72570041e-02, -6.40020967e-02, 8.31122175e-02,
          -6.44418895e-02 ]
