%YAML:1.0
---
ft object:
   V: !!opencv-matrix
      rows: 152
      cols: 18
      dt: f
      data: [ -1.65296778e-01, 6.72742203e-02, 1.14707865e-01,
          -2.64478150e-09, -2.06564441e-02, 2.22705483e-01,
          2.10934699e-01, 1.45221784e-04, 6.02580868e-02,
          -8.97166878e-02, 3.61716887e-03, 1.53734997e-01,
          -2.71160547e-02, 6.13585711e-02, -2.54982747e-02,
          1.42898068e-01, -2.57186532e-01, 1.83867514e-01,
          -6.72742203e-02, -1.65296778e-01, 1.54943203e-09,
          1.14707865e-01, -1.22538954e-01, 3.01324725e-02,
          -2.70009041e-03, -9.29717645e-02, 6.71513975e-02,
          -3.06439176e-02, -3.96914184e-02, -5.90589643e-03,
          -6.53691888e-02, -7.93072283e-02, 1.50601804e-01,
          9.64538679e-02, 8.79232585e-02, -2.82194987e-02,
          -1.64977953e-01, 1.60028692e-02, 1.14707865e-01,
          -6.29128027e-10, 2.53269672e-02, 2.82943487e-01,
          1.85431987e-01, -2.77049351e-03, 4.79353294e-02,
          -7.05825165e-02, -5.65752434e-03, 1.79270744e-01,
          8.31250101e-04, 2.00977065e-02, -2.45929919e-02,
          1.29608423e-01, -1.11010134e-01, 1.30471662e-01,
          -1.60028711e-02, -1.64977953e-01, -4.64108585e-10,
          1.14707865e-01, -6.10226765e-02, 3.56282629e-02,
          1.14393234e-02, -6.57757521e-02, 7.36985505e-02,
          -6.77233934e-03, -1.07423611e-01, 6.72027469e-03,
          2.97040194e-02, -5.22977561e-02, 1.72482952e-01,
          1.71788022e-01, 8.22965801e-02, -1.76776692e-01,
          -1.59681275e-01, -3.06803863e-02, 1.14707865e-01,
          1.20615185e-09, 7.67875537e-02, 2.96457380e-01, 1.72974706e-01,
          -2.35850327e-02, 4.76243496e-02, -2.84360051e-02,
          -3.72423325e-03, 1.96132571e-01, 4.92079854e-02,
          3.33285667e-02, 1.65282134e-02, 7.95216113e-02,
          -1.10613137e-01, 3.13194692e-02, 3.06803845e-02,
          -1.59681275e-01, -2.26428964e-09, 1.14707865e-01,
          2.56483238e-02, 7.20962230e-03, 1.62289701e-02,
          -5.23235947e-02, 3.69510055e-02, 8.24705958e-02,
          -1.92846656e-01, -7.57768750e-02, 1.81754157e-02,
          2.61070244e-02, 1.76114842e-01, 1.24964587e-01, 1.64717436e-03,
          -1.86152473e-01, -1.48966581e-01, -7.77750611e-02,
          1.14707865e-01, 3.05760595e-09, 1.86378315e-01, 3.21595192e-01,
          1.15472786e-01, -6.71818554e-02, 2.37004608e-02,
          8.06865096e-02, -2.33289469e-02, 1.25998855e-01,
          6.79958090e-02, -1.61483213e-02, 3.97132337e-02,
          -3.62667069e-02, 1.28558390e-02, -2.89792791e-02,
          7.77750611e-02, -1.48966581e-01, -4.04474187e-09,
          1.14707865e-01, 9.97324660e-02, 1.34701133e-02, 2.91528422e-02,
          -3.47341299e-02, 5.58459200e-02, 2.65940487e-01,
          -2.59514302e-01, -1.68356642e-01, 6.41296990e-03,
          -3.80999446e-02, 6.69280142e-02, 4.86634672e-02,
          5.43501861e-02, -3.32876667e-02, -1.24983430e-01,
          -1.26513809e-01, 1.14707865e-01, 4.97369435e-09,
          2.18742281e-01, 2.54248679e-01, 8.71684626e-02,
          -8.11695382e-02, -4.73398343e-03, 1.52079433e-01,
          -7.04765096e-02, 5.73198199e-02, 1.26372546e-01,
          -1.47482455e-02, 1.83709487e-02, -2.25419492e-01,
          1.46295756e-01, -1.08571313e-01, 1.26513809e-01,
          -1.24983430e-01, -5.80190473e-09, 1.14707865e-01,
          -8.75003189e-02, -4.65708300e-02, 1.02066822e-01,
          6.05236515e-02, 7.89665729e-02, 2.12539300e-01,
          -2.73224205e-01, -7.24835694e-03, 3.00735235e-03,
          -4.92010117e-02, 9.06218290e-02, 6.03693724e-03,
          1.57561511e-01, -7.56935775e-02, -8.93538743e-02,
          -1.57958210e-01, 1.14707865e-01, 6.20988194e-09,
          1.54393286e-01, 1.22770347e-01, 5.33230864e-02,
          -5.43172359e-02, -8.34620092e-03, 1.47303671e-01,
          -8.16884041e-02, -9.32192057e-03, 1.26727402e-01,
          1.09165758e-01, -3.76521982e-02, -2.31129497e-01,
          1.40882090e-01, -4.64538336e-02, 1.57958210e-01,
          -8.93538743e-02, -6.80199097e-09, 1.14707865e-01,
          -1.32558390e-01, -7.85670877e-02, 1.51409924e-01,
          8.75093862e-02, 2.43775491e-02, 9.01395604e-02,
          -2.12163761e-01, 1.16111971e-01, -4.97573316e-02,
          2.09331214e-02, 8.97656158e-02, -6.28269017e-02,
          1.80206150e-02, 3.88016105e-02, -4.43429239e-02,
          -1.80292830e-01, 1.14707865e-01, 7.08793291e-09,
          4.65878174e-02, -1.77299418e-02, 1.79827698e-02,
          -2.32755449e-02, 9.40395426e-03, 6.96536675e-02,
          -2.76808776e-02, -3.18901949e-02, 6.06304109e-02,
          9.24557000e-02, -6.55169562e-02, -9.60647762e-02,
          6.32464886e-03, -1.07162297e-02, 1.80292830e-01,
          -4.43429239e-02, -7.38177430e-09, 1.14707865e-01,
          -9.26938429e-02, -6.77034557e-02, 1.75312564e-01,
          5.94160855e-02, -7.05039725e-02, 7.94345420e-03,
          -1.62956879e-01, 1.75584644e-01, -8.99931788e-02,
          2.88854241e-02, 8.28994215e-02, -2.05673397e-01,
          -6.20612800e-02, 7.30844736e-02, 3.69061413e-03,
          -1.87625676e-01, 1.14707865e-01, 7.37621253e-09,
          -2.17383681e-03, -7.29609579e-02, 2.56413594e-03,
          -1.29726557e-02, 8.79634265e-03, -2.02483265e-03,
          2.61262730e-02, -4.69631050e-04, 3.66699100e-02,
          3.44641805e-02, -9.57906395e-02, -6.91749156e-02,
          -3.58727723e-02, 3.84200513e-02, 1.87625676e-01,
          3.69061553e-03, -7.35175609e-09, 1.14707865e-01,
          -7.60055110e-02, -3.31691541e-02, 1.89642608e-01,
          5.18820882e-02, -1.10499561e-01, -5.57018258e-02,
          -1.19083263e-01, 1.93058461e-01, -8.11102688e-02,
          3.99683267e-02, 4.27754670e-02, -2.67212629e-01,
          -8.45057368e-02, 3.26603651e-02, 4.96583767e-02,
          -1.77637741e-01, 1.14707865e-01, 6.98355240e-09,
          -7.83186704e-02, 3.94134969e-03, -1.74636673e-02,
          4.07700203e-02, 1.76144298e-02, 4.59692143e-02,
          -5.94210215e-02, -3.94465104e-02, 5.05867004e-02,
          -8.14944506e-04, -1.17232502e-01, 1.74162090e-02,
          -5.21476418e-02, 1.02710016e-01, 1.77637741e-01,
          4.96583767e-02, -6.65448807e-09, 1.14707865e-01,
          -1.02398410e-01, -6.09854609e-03, 1.97644711e-01,
          8.09084252e-02, -8.68211687e-02, -7.72933736e-02,
          -6.25173002e-02, 2.09290892e-01, -5.30007593e-02,
          6.17713556e-02, 7.46932626e-03, -2.26257637e-01,
          -3.55013460e-02, 1.44517720e-02, 8.52332711e-02,
          -1.52668297e-01, 1.14707865e-01, 6.00191719e-09,
          -2.02142894e-01, 6.96447641e-02, -1.75002329e-02,
          1.19125977e-01, 2.46907249e-02, 3.85121517e-02,
          -1.17135465e-01, -1.28432766e-01, 3.56574282e-02,
          3.23005803e-02, -1.30014673e-01, 1.65084586e-01,
          -1.82827860e-01, 8.92028958e-02, 1.52668297e-01,
          8.52332711e-02, -5.43711387e-09, 1.14707865e-01,
          -1.55013293e-01, 2.91785076e-02, 1.96789607e-01,
          1.25977010e-01, 1.70137770e-02, -8.55796337e-02,
          4.55399826e-02, 1.77074745e-01, -7.58897047e-03,
          -3.05532534e-02, -2.87211984e-02, -9.63288248e-02,
          1.06210329e-01, -8.41627568e-02, 1.12488613e-01,
          -1.19925775e-01, 1.14707857e-01, 4.71469619e-09,
          -2.71996289e-01, 1.61077321e-01, -3.77038866e-02,
          1.60733312e-01, 1.42696043e-02, -2.63556279e-02,
          -8.05524141e-02, -1.51236221e-01, -1.77866034e-03,
          3.88660803e-02, -1.15838543e-01, 1.74217060e-01,
          -1.23186164e-01, 3.70613560e-02, 1.19925775e-01,
          1.12488613e-01, -3.96928312e-09, 1.14707857e-01,
          -9.62643698e-02, 3.61720994e-02, 1.50454462e-01,
          1.12216294e-01, 3.10265012e-02, -1.14651307e-01,
          1.83315054e-01, 1.36480719e-01, 3.03356797e-02,
          -4.76116054e-02, -2.32114196e-02, -3.50424252e-03,
          1.46372765e-01, -9.57594216e-02, 1.29193380e-01,
          -7.78981522e-02, 1.14707857e-01, 3.06244496e-09,
