%YAML:1.0
---
ft object:
   fname: "cascades/haarcascade_frontalface_default.xml"
   x offset: -2.9173840302973986e-03
   y offset: -8.1569641828536987e-02
   z offset: 1.3223872184753418e+00
   reference: !!opencv-matrix
      rows: 84
      cols: 1
      dt: f
      data: [ 2.36743689e-01, -6.91526458e-02, 1.83615014e-01,
          -1.14067733e-01, 1.19519353e-01, -1.13693126e-01,
          6.02666773e-02, -7.78493211e-02, 1.22696310e-01,
          -7.88982138e-02, 1.80473015e-01, -8.03210884e-02,
          -2.36743689e-01, -6.91526458e-02, -1.83615014e-01,
          -1.14067733e-01, -1.19519353e-01, -1.13693126e-01,
          -6.02666736e-02, -7.78493211e-02, -1.22696303e-01,
          -7.88982138e-02, -1.80473015e-01, -8.03210884e-02,
          -1.88503921e-01, -9.45687573e-03, -1.39141604e-01,
          -3.63481082e-02, -8.66116136e-02, -8.56859051e-03,
          -1.38943121e-01, 7.46635254e-03, -1.38234079e-01,
          -1.58476867e-02, 1.88503921e-01, -9.45687573e-03,
          1.39141604e-01, -3.63481082e-02, 8.66116136e-02,
          -8.56859051e-03, 1.38943121e-01, 7.46635301e-03,
          1.38234094e-01, -1.58476867e-02, -3.34896371e-02,
          -1.39582399e-02, -4.40691896e-02, 7.00887069e-02,
          -9.13453400e-02, 1.26615778e-01, -7.04636872e-02,
          1.64634928e-01, 5.20461341e-10, 1.78053185e-01, 7.04636872e-02,
          1.64634928e-01, 9.13453400e-02, 1.26615778e-01, 4.40691896e-02,
          7.00886995e-02, 3.34896371e-02, -1.39582399e-02,
          -4.72456478e-02, 1.49778679e-01, 4.72456515e-02,
          1.49778679e-01, 5.86756921e-10, 1.20923817e-01,
          -1.63826197e-01, -2.36620307e-02, -1.12868339e-01,
          -2.32256241e-02, -1.12735875e-01, -1.28505705e-03,
          -1.63715199e-01, -1.73860905e-03, 1.63826197e-01,
          -2.36620307e-02, 1.12868339e-01, -2.32256241e-02,
          1.12735882e-01, -1.28505682e-03, 1.63715199e-01,
          -1.73860881e-03 ]
