%YAML:1.0
---
ft object:
   V: !!opencv-matrix
      rows: 84
      cols: 17
      dt: f
      data: [ 2.36743689e-01, 6.91526458e-02, 1.54303357e-01,
          1.52023186e-10, -7.48168230e-02, 2.11470366e-01,
          -1.19067341e-01, 1.64903834e-01, 1.22270882e-01,
          -1.47490978e-01, 1.78977698e-01, 2.23267049e-01,
          -1.56236589e-01, 4.52081934e-02, 2.22486742e-02,
          -3.18282276e-01, 1.79279204e-02, -6.91526458e-02,
          2.36743689e-01, -1.52034246e-10, 1.54303357e-01,
          -1.41651928e-01, -8.35239291e-02, -1.79429963e-01,
          1.55990571e-01, -5.39181530e-02, -3.47663999e-01,
          -1.61876321e-01, -1.83090836e-01, -1.47528648e-02,
          1.70439482e-01, -2.24965923e-02, -2.15952039e-01,
          -5.06477132e-02, 1.83615014e-01, 1.14067733e-01,
          1.54303357e-01, -2.39816889e-10, -1.05275676e-01,
          7.53897429e-02, -6.79806098e-02, 2.42458403e-01,
          1.05749875e-01, -4.73005474e-02, 2.40973532e-02,
          4.48408127e-02, -2.71825939e-01, 5.19926511e-02,
          1.53730661e-02, -7.74215013e-02, 4.24444228e-02,
          -1.14067733e-01, 1.83615014e-01, 2.39798598e-10,
          1.54303357e-01, -2.72078980e-02, -7.45883286e-02,
          -1.96761250e-01, 6.35581762e-02, -1.03634834e-01,
          9.69711840e-02, -8.43048841e-02, -1.64349601e-01,
          3.98473293e-02, 2.11214107e-02, -5.00980951e-02,
          -9.71876010e-02, -1.65334672e-01, 1.19519353e-01,
          1.13693126e-01, 1.54303357e-01, -3.89580090e-10,
          -8.20991546e-02, -3.62327322e-02, -9.92417336e-03,
          2.37180650e-01, 4.67045903e-02, 1.99703813e-01,
          -7.77546614e-02, -1.07851207e-01, -2.37556472e-01,
          -3.77014391e-02, 4.31960262e-03, 1.84197575e-01,
          -2.53490154e-02, -1.13693126e-01, 1.19519353e-01,
          3.89561883e-10, 1.54303357e-01, 5.23255393e-02,
          -7.04578757e-02, -2.29938030e-01, -2.79589891e-02,
          -1.83816254e-02, 2.38086373e-01, 9.18856561e-02,
          2.64409557e-02, 7.62800574e-02, -3.84646617e-02,
          4.10699472e-03, -5.74751198e-02, -1.10627249e-01,
          6.02666773e-02, 7.78493211e-02, 1.54303357e-01,
          -3.17908533e-10, -4.93485555e-02, -9.38951224e-02,
          4.09387127e-02, 1.21091008e-01, 2.59044170e-02, 3.04103494e-01,
          -1.04681052e-01, -1.97394580e-01, -1.33207828e-01,
          -4.62093242e-02, 6.70993701e-02, 2.87480384e-01,
          -1.33898363e-01, -7.78493211e-02, 6.02666773e-02,
          3.17896098e-10, 1.54303357e-01, 6.63777813e-02,
          -5.80295026e-02, -2.39348412e-01, -9.50153768e-02,
          4.86564636e-02, 1.26780868e-01, 2.24472299e-01, 2.10385799e-01,
          8.34704489e-02, 1.73223093e-02, 9.63259637e-02,
          -1.19225934e-01, -6.31156005e-03, 1.22696310e-01,
          7.88982138e-02, 1.54303357e-01, -1.76087020e-10,
          -6.56465441e-02, -1.52161075e-02, -1.17555624e-02,
          1.84159249e-01, 8.31935257e-02, 1.94692165e-01,
          -1.63422525e-03, -6.84593320e-02, -2.10375130e-01,
          -4.93921340e-02, 5.22332639e-02, 1.43140793e-01,
          -4.90942523e-02, -7.88982138e-02, 1.22696310e-01,
          1.76074405e-10, 1.54303357e-01, 3.47228758e-02,
          -8.20727497e-02, -2.49941602e-01, -3.21238711e-02,
          6.15814254e-02, 2.09289789e-02, 5.81389070e-02, 7.53943250e-02,
          8.61600339e-02, -9.50274318e-02, 2.97047086e-02,
          -6.91777468e-02, 1.20105997e-01, 1.80473015e-01,
          8.03210884e-02, 1.54303357e-01, -4.75120498e-11,
          -7.28908181e-02, 7.84653053e-02, -7.18092471e-02,
          1.86780334e-01, 1.26869336e-01, 1.49191171e-03, 1.01678044e-01,
          7.66973197e-02, -2.25726858e-01, 2.23058462e-03,
          1.78450942e-02, -7.83750713e-02, 2.36007497e-02,
          -8.03210884e-02, 1.80473015e-01, 4.74991990e-11,
          1.54303357e-01, -1.82327721e-02, -8.96751583e-02,
          -2.45240957e-01, 5.31176440e-02, 7.31110666e-03,
          -1.11135975e-01, -1.35879517e-01, -1.03968441e-01,
          5.49392700e-02, -6.45676106e-02, -3.76666524e-03,
          -8.42651874e-02, 1.31813094e-01, -2.36743689e-01,
          6.91526458e-02, 1.54303357e-01, -9.70687530e-10,
          7.48163909e-02, 2.11470097e-01, 1.19067341e-01,
          -1.64903805e-01, -1.22271053e-01, 1.47491112e-01,
          -1.78977847e-01, -2.23263383e-01, -1.56241447e-01,
          -4.52082157e-02, -2.22456753e-02, -3.18282694e-01,
          -1.79279372e-02, -6.91526458e-02, -2.36743689e-01,
          9.70676428e-10, 1.54303357e-01, -1.41652122e-01,
          8.35241228e-02, -1.79429919e-01, 1.55990586e-01,
          -5.39180487e-02, -3.47664088e-01, -1.61876634e-01,
          -1.83091611e-01, 1.47485062e-02, 1.70437843e-01,
          -2.24988107e-02, 2.15952277e-01, -5.06483316e-02,
          -1.83615014e-01, 1.14067733e-01, 1.54303357e-01,
          -1.11057519e-09, 1.05275609e-01, 7.53897280e-02,
          6.79807141e-02, -2.42458522e-01, -1.05750017e-01,
          4.73006591e-02, -2.40974165e-02, -4.48349044e-02,
          -2.71826863e-01, -5.19919544e-02, -1.53724253e-02,
          -7.74213001e-02, -4.24442887e-02, -1.14067733e-01,
          -1.83615014e-01, 1.11055698e-09, 1.54303357e-01,
          -2.72079557e-02, 7.45884702e-02, -1.96761087e-01,
          6.35584220e-02, -1.03634588e-01, 9.69710425e-02,
          -8.43048170e-02, -1.64348468e-01, -3.98506448e-02,
          2.11211555e-02, -5.00990748e-02, 9.71868336e-02,
          -1.65334612e-01, -1.19519353e-01, 1.13693126e-01,
          1.54303357e-01, -9.56377311e-10, 8.20991769e-02,
          -3.62326950e-02, 9.92412958e-03, -2.37180546e-01,
          -4.67045493e-02, -1.99703753e-01, 7.77547061e-02,
          1.07856296e-01, -2.37554163e-01, 3.77029255e-02,
          -4.32115793e-03, 1.84197307e-01, 2.53487527e-02,
          -1.13693126e-01, -1.19519353e-01, 9.56358992e-10,
          1.54303357e-01, 5.23254722e-02, 7.04581439e-02,
          -2.29938000e-01, -2.79589463e-02, -1.83816124e-02,
          2.38086268e-01, 9.18857157e-02, 2.64425240e-02,
          -7.62794241e-02, -3.84638757e-02, 4.10646200e-03,
          5.74750938e-02, -1.10627055e-01, -6.02666736e-02,
          7.78493211e-02, 1.54303357e-01, -6.03711470e-10,
          4.93486337e-02, -9.38950852e-02, -4.09387536e-02,
          -1.21091075e-01, -2.59044375e-02, -3.04103494e-01,
          1.04681022e-01, 1.97397441e-01, -1.33203626e-01,
          4.62110750e-02, -6.71019331e-02, 2.87479907e-01,
          1.33898363e-01, -7.78493211e-02, -6.02666736e-02,
          6.03699035e-10, 1.54303357e-01, 6.63777217e-02, 5.80298081e-02,
          -2.39348352e-01, -9.50152874e-02, 4.86563146e-02,
          1.26780868e-01, 2.24472240e-01, 2.10387424e-01,
          -8.34657848e-02, 1.73201952e-02, 9.63248312e-02,
          1.19227111e-01, -6.31158054e-03, -1.22696303e-01,
          7.88982138e-02, 1.54303357e-01, -7.57950258e-10,
          6.56465515e-02, -1.52161047e-02, 1.17555615e-02,
          -1.84159249e-01, -8.31935108e-02, -1.94692120e-01,
          1.63428485e-03, 6.84639364e-02, -2.10373804e-01,
          4.93919738e-02, -5.22345752e-02, 1.43140346e-01,
          4.90943193e-02, -7.88982138e-02, -1.22696303e-01,
          7.57937657e-10, 1.54303357e-01, 3.47228013e-02, 8.20730254e-02,
          -2.49941558e-01, -3.21238898e-02, 6.15814179e-02,
          2.09291521e-02, 5.81390858e-02, 7.53962547e-02,
          -8.61582607e-02, -9.50273722e-02, 2.97041181e-02,
          6.91780820e-02, 1.20106079e-01, -1.80473015e-01,
          8.03210884e-02, 1.54303357e-01, -9.03370045e-10,
          7.28907585e-02, 7.84652680e-02, 7.18093216e-02,
          -1.86780348e-01, -1.26869380e-01, -1.49183162e-03,
          -1.01678021e-01, -7.66922161e-02, -2.25728482e-01,
          -2.23228475e-03, -1.78445876e-02, -7.83751160e-02,
          -2.36005802e-02, -8.03210884e-02, -1.80473015e-01,
          9.03357222e-10, 1.54303357e-01, -1.82328448e-02,
          8.96753818e-02, -2.45240867e-01, 5.31175658e-02,
