%YAML:1.0
---
ft object:
   fname: "../simplefacetracker/cascades/haarcascade_frontalface_default.xml"
   x offset: -2.2831049282103777e-03
   y offset: 9.1614425182342529e-02
   z offset: 2.2758283615112305e+00
   reference: !!opencv-matrix
      rows: 110
      cols: 1
      dt: f
      data: [ -1.70773029e-01, -8.37438479e-02, -1.72193900e-01,
          -2.76951846e-02, -1.66769177e-01, 2.42348518e-02,
          -1.54994547e-01, 7.88439587e-02, -1.32335588e-01,
          1.29415482e-01, -9.72942859e-02, 1.65217072e-01,
          -5.24009690e-02, 1.91649452e-01, -9.30595823e-10,
          2.01318145e-01, 5.24009652e-02, 1.91649452e-01, 9.72942859e-02,
          1.65217072e-01, 1.32335588e-01, 1.29415497e-01, 1.54994532e-01,
          7.88439736e-02, 1.66769162e-01, 2.42348500e-02, 1.72193900e-01,
          -2.76951808e-02, 1.70773044e-01, -8.37438405e-02,
          1.36163369e-01, -1.17607616e-01, 1.05618842e-01,
          -1.43384993e-01, 6.87893927e-02, -1.43125460e-01,
          3.47098596e-02, -1.22530095e-01, -1.36163354e-01,
          -1.17607616e-01, -1.05618834e-01, -1.43384993e-01,
          -6.87893853e-02, -1.43125489e-01, -3.47098522e-02,
          -1.22530095e-01, -1.08416848e-01, -8.32398832e-02,
          -8.00278559e-02, -9.86616537e-02, -4.98090461e-02,
          -8.26864392e-02, -7.99203068e-02, -7.34602138e-02,
          -7.95004219e-02, -8.68944302e-02, 1.08416848e-01,
          -8.32398757e-02, 8.00278559e-02, -9.86616388e-02,
          4.98090498e-02, -8.26864317e-02, 7.99203068e-02,
          -7.34602138e-02, 7.95004219e-02, -8.68944302e-02,
          -1.92558765e-02, -8.58118385e-02, -2.53211632e-02,
          -3.73033322e-02, -5.25157005e-02, -4.82465560e-03,
          -4.04947624e-02, 1.69503875e-02, 1.12031051e-10,
          2.47493088e-02, 4.04947586e-02, 1.69503875e-02, 5.25157079e-02,
          -4.82465466e-03, 2.53211632e-02, -3.73033285e-02,
          1.92558784e-02, -8.58118385e-02, -2.71943472e-02,
          8.50292575e-03, 2.71943472e-02, 8.50292575e-03,
          -6.69230446e-02, 7.75671676e-02, 6.69230446e-02,
          7.75671676e-02, 5.05677797e-02, 9.73372757e-02, 2.72959787e-02,
          1.07561849e-01, -3.86120858e-10, 1.10281199e-01,
          -2.72959806e-02, 1.07561857e-01, -5.05677909e-02,
          9.73372757e-02, -3.08244154e-02, 8.49508122e-02,
          -2.63349065e-10, 8.91278610e-02, 3.08244210e-02,
          8.49508196e-02, 2.89368085e-10, -7.99929909e-03 ]
