%YAML:1.0
---
ft object:
   V: !!opencv-matrix
      rows: 110
      cols: 17
      dt: f
      data: [ -1.70773029e-01, 8.37438479e-02, 1.34839982e-01,
          8.00456146e-09, -2.74772525e-01, -1.56430118e-02,
          -2.03868791e-01, -2.99364477e-02, 5.62207103e-02,
          -3.35681885e-02, 1.51107863e-01, -5.22286631e-02,
          4.13764687e-03, 1.87481903e-02, -1.97957069e-01,
          1.36100188e-01, 1.17963217e-01, -8.37438479e-02,
          -1.70773029e-01, -7.33154693e-09, 1.34839982e-01,
          -2.45648772e-02, -1.50661618e-01, -4.71478701e-03,
          -1.58912003e-01, 6.97806403e-02, -2.42874213e-02,
          4.67888415e-02, 1.02533847e-02, 1.68462992e-01, 3.09331305e-02,
          1.90296918e-02, -7.09223375e-02, 1.67412870e-02,
          -1.72193900e-01, 2.76951846e-02, 1.34839982e-01,
          8.37269898e-09, -2.67431349e-01, 3.77927423e-02,
          -1.65186673e-01, -3.58235836e-02, 9.05811265e-02,
          -6.25342131e-02, 9.37076360e-02, -1.40109390e-01,
          2.24769041e-02, 7.38753304e-02, -1.41206056e-01,
          2.20753551e-02, 3.92410941e-02, -2.76951846e-02,
          -1.72193900e-01, -8.15012324e-09, 1.34839982e-01,
          -7.52187893e-03, -8.17027688e-02, -1.33648813e-02,
          -9.43970382e-02, 1.09829411e-01, 4.82376888e-02,
          4.91309166e-02, -3.92966866e-02, 2.04444185e-01,
          1.59352913e-01, 1.66685760e-01, 1.47713885e-01,
          -5.26425466e-02, -1.66769177e-01, -2.42348518e-02,
          1.34839982e-01, 8.38024050e-09, -2.70607859e-01,
          1.02180608e-01, -1.55767545e-01, -4.60616350e-02,
          1.12015486e-01, -6.75642937e-02, 4.93535101e-02,
          -1.66379735e-01, 1.54057266e-02, 5.03268316e-02,
          -5.25733978e-02, 7.97223598e-02, 7.62261748e-02,
          2.42348518e-02, -1.66769177e-01, -8.57500648e-09,
          1.34839982e-01, 5.46795735e-03, 1.26542570e-02,
          -2.54582912e-02, -2.74457932e-02, 6.72796816e-02,
          1.80592984e-01, 2.43119597e-02, -3.52420658e-03,
          2.07772508e-01, 9.25029442e-02, 1.87951997e-01, 3.07303697e-01,
          -7.65494406e-02, -1.54994547e-01, -7.88439587e-02,
          1.34839982e-01, 8.08783795e-09, -2.74854481e-01,
          2.27634773e-01, -9.95243341e-02, -8.19515139e-02,
          7.99554586e-02, 6.14141673e-03, -5.15088439e-02,
          -1.52120918e-01, 1.54024381e-02, -1.24615543e-02,
          8.90882760e-02, -1.25321820e-02, 5.22741079e-02,
          7.88439587e-02, -1.54994547e-01, -8.72147332e-09,
          1.34839982e-01, -1.58364531e-02, 1.10192783e-01,
          -4.58899066e-02, 2.52003614e-02, 5.52883893e-02,
          3.73158067e-01, -1.08121514e-01, 4.47567701e-02,
          8.23286846e-02, 2.23504789e-02, 1.10582530e-01, 1.10209167e-01,
          -8.76018479e-02, -1.32335588e-01, -1.29415482e-01,
          1.34839967e-01, 7.23544069e-09, -1.99169546e-01,
          2.68843442e-01, -6.92994595e-02, -7.76894465e-02,
          2.40663942e-02, 8.81693363e-02, -6.82226121e-02,
          -1.26575112e-01, -9.74192917e-02, -1.27564505e-01,
          1.99733272e-01, -9.67597216e-02, -5.11361212e-02,
          1.29415482e-01, -1.32335588e-01, -8.27549762e-09,
          1.34839967e-01, 5.41607365e-02, -8.22918490e-02,
          -1.19114459e-01, 8.67381170e-02, 1.10899754e-01,
          2.98246562e-01, -5.75630739e-02, -7.54272789e-02,
          -1.78934447e-03, 4.34319638e-02, 1.13785952e-01,
          1.80009902e-02, -1.30043581e-01, -9.72942859e-02,
          -1.65217072e-01, 1.34839967e-01, 5.69190028e-09,
          -8.57740119e-02, 1.93892837e-01, -4.08938639e-02,
          -5.34795783e-02, -2.96798744e-03, 1.19130790e-01,
          -4.32025641e-02, -6.57159090e-02, -2.01894417e-01,
          -1.64928332e-01, 1.77835643e-01, -8.73083398e-02,
          -1.55323878e-01, 1.65217072e-01, -9.72942859e-02,
          -7.01968084e-09, 1.34839967e-01, 5.67805097e-02,
          -1.37157440e-01, -1.71698794e-01, 1.14435643e-01,
          7.48505592e-02, 1.67866409e-01, 3.76804471e-02,
          -1.40106812e-01, 2.89094672e-02, -5.39002642e-02,
          4.86054569e-02, -3.23545933e-02, -4.73062694e-02,
          -5.24009690e-02, -1.91649452e-01, 1.34839967e-01,
          3.61111185e-09, 3.15451212e-02, 6.24488853e-02,
          -2.55143568e-02, -1.24143073e-02, -2.06213053e-02,
          3.34053785e-02, -4.48114565e-03, 2.75832191e-02,
          -1.88989908e-01, -1.09914005e-01, 5.91715947e-02,
          5.23707569e-02, -7.43142813e-02, 1.91649452e-01,
          -5.24009690e-02, -5.15131848e-09, 1.34839967e-01,
          3.04693431e-02, -7.83772618e-02, -1.85698792e-01,
          1.08293526e-01, -3.71335819e-02, 7.21090585e-02,
          1.29309192e-01, -1.85906410e-01, 2.49263048e-02,
          -2.09771931e-01, 4.44595516e-03, -1.14396051e-01,
          7.82183409e-02, -9.30595823e-10, -2.01318145e-01,
          1.34839967e-01, 1.06977749e-09, 8.29313174e-02,
          -2.79396772e-09, 5.58793545e-09, 5.35510480e-09,
          4.19095159e-09, -6.09702133e-02, 3.61251296e-07,
          7.42875272e-08, -1.52541459e-01, 8.19563866e-08,
          3.72529030e-09, -5.96046448e-08, -5.96046448e-08,
          2.01318145e-01, -1.02532105e-09, -2.68768741e-09,
          1.34839967e-01, -1.11758709e-08, -5.03174849e-02,
          -1.86803102e-01, 9.91520360e-02, -7.04097226e-02,
          7.10322638e-07, 1.58013716e-01, -1.92146063e-01,
          -2.98023224e-07, -2.37548530e-01, 4.23842669e-03,
          -1.61696970e-01, 1.44242927e-01, 5.24009652e-02,
          -1.91649452e-01, 1.34839967e-01, -1.57431301e-09,
          3.15451175e-02, -6.24488816e-02, 2.55143233e-02,
          1.24142999e-02, 2.06213407e-02, 3.34054008e-02, 4.48086485e-03,
          -2.75834445e-02, -1.88989788e-01, 1.09914005e-01,
          -5.91717660e-02, -5.23707867e-02, 7.43145049e-02,
          1.91649452e-01, 5.24009652e-02, 3.41062907e-11, 1.34839967e-01,
          -3.04693598e-02, -7.83772767e-02, -1.85698777e-01,
          1.08293444e-01, -3.71335559e-02, -7.21078068e-02,
          1.29309803e-01, -1.85906217e-01, -2.49264110e-02,
          -2.09771991e-01, 4.44597006e-03, -1.14396006e-01,
          7.82184601e-02, 9.72942859e-02, -1.65217072e-01,
          1.34839967e-01, -3.93601773e-09, -8.57740119e-02,
          -1.93892837e-01, 4.08938453e-02, 5.34796007e-02,
          2.96791084e-03, 1.19131424e-01, 4.32013273e-02, 6.57154694e-02,
          -2.01894850e-01, 1.64928243e-01, -1.77835435e-01,
          8.73080865e-02, 1.55323863e-01, 1.65217072e-01, 9.72942859e-02,
          2.60823718e-09, 1.34839967e-01, -5.67805469e-02,
          -1.37157470e-01, -1.71698809e-01, 1.14435703e-01,
          7.48505890e-02, -1.67866275e-01, 3.76821272e-02,
          -1.40106574e-01, -2.89093889e-02, -5.39001599e-02,
          4.86056767e-02, -3.23545001e-02, -4.73066345e-02,
          1.32335588e-01, -1.29415497e-01, 1.34839967e-01,
          -5.86004711e-09, -1.99169546e-01, -2.68843472e-01,
          6.92994595e-02, 7.76894689e-02, -2.40663551e-02,
          8.81700739e-02, 6.82215244e-02, 1.26574770e-01,
          -9.74192023e-02, 1.27564654e-01, -1.99733153e-01,
          9.67595205e-02, 5.11358976e-02, 1.29415497e-01, 1.32335588e-01,
          4.81998885e-09, 1.34839967e-01, -5.41607514e-02,
          -8.22918564e-02, -1.19114429e-01, 8.67381245e-02,
          1.10899791e-01, -2.98247039e-01, -5.75598925e-02,
          -7.54269063e-02, 1.78962853e-03, 4.34321314e-02,
          1.13785803e-01, 1.80013180e-02, -1.30043268e-01,
          1.54994532e-01, -7.88439736e-02, 1.34839982e-01,
          -7.24990423e-09, -2.74854451e-01, -2.27634728e-01,
          9.95242894e-02, 8.19515064e-02, -7.99553022e-02,
          6.14205375e-03, 5.15088402e-02, 1.52120858e-01, 1.54025238e-02,
          1.24615189e-02, -8.90888497e-02, 1.25325974e-02,
          -5.22736274e-02, 7.88439736e-02, 1.54994532e-01,
          6.61626842e-09, 1.34839982e-01, 1.58364642e-02, 1.10192768e-01,
          -4.58898805e-02, 2.52005011e-02, 5.52883893e-02,
